ཀྲུང་ 0 1 1 0 0 0 B-ORG
གུང་ 0 0 0 0 0 0 I-ORG
ཀྲུང་ 0 1 1 0 0 0 B-ORG
དབྱང་ 0 0 0 0 0 0 I-ORG
ཆབ་ 0 0 0 0 0 0 B-ORG
སྲིད་ 0 0 0 0 0 0 I-ORG
ཅུས་ 0 1 1 0 0 1 I-ORG
ཀྱིས་ 0 0 0 0 0 0 O
ཚོགས་ 0 0 0 0 0 0 O
འདུ་ 0 0 0 0 0 0 O
འཚོགས་ 0 0 0 0 0 0 O
པ། 0 0 0 0 0 0 O

ཤིན་ 0 0 0 0 0 0 B-ORG
ཧྭ་ 0 1 1 0 0 0 I-ORG
གསར་ 0 0 0 0 0 0 I-ORG
འགྱུར་ 0 0 0 0 0 0 I-ORG
ཁང་ 0 0 1 0 0 0 I-ORG
པེ་ 0 1 1 0 0 0 B-LOC
ཅིང་ 0 1 1 0 0 0 I-LOC
ནས་ 0 0 0 0 0 0 O
གློག་ 0 0 0 0 0 0 O
འཕྲིན་ 0 0 0 0 0 0 O
འབྱོར་ 0 0 0 0 0 0 O
གསལ། 0 0 0 0 0 0 O

ཀྲུང་ 0 1 1 0 0 0 B-ORG
གུང་ 0 0 0 0 0 0 I-ORG
ཀྲུང་ 0 1 1 0 0 0 B-ORG
དབྱང་ 0 0 0 0 0 0 I-ORG
ཆབ་ 0 0 0 0 0 0 B-ORG
སྲིད་ 0 0 0 0 0 0 I-ORG
ཅུས་ 0 1 1 0 0 1 I-ORG
ཀྱིས་ 0 0 0 0 0 0 O
2013 0 0 0 0 0 0 O
ལོ 0 0 0 0 0 0 O
འི་ 0 0 0 0 0 0 O
ཟླ་ 0 0 0 0 0 0 O
12 0 0 0 0 0 0 O
ཚེས་ 0 0 0 0 0 0 O
30 0 0 0 0 0 0 O
ཉིན་ 0 0 0 0 0 0 O
ཚོགས་ 0 0 0 0 0 0 O
འདུ་ 0 0 0 0 0 0 O
འཚོགས་ 0 0 0 0 0 0 O
ཏེ་ 0 0 0 0 0 0 O
ཀྲུང་ 0 1 1 0 0 0 B-ORG
དབྱང་ 0 0 0 0 0 0 I-ORG
གི་ 0 0 0 0 0 0 O
སྒྱུར་ 0 0 0 0 0 0 O
བཅོས་ 0 0 0 0 0 0 O
ཁྱོན་ 0 0 0 0 0 0 O
ཡོངས་ 0 0 0 0 0 0 O
ནས་ 0 0 0 0 0 0 O
གཏིང་ 0 0 0 0 0 0 O
ཟབ་ 0 0 0 0 0 0 O
ཏུ་ 0 0 0 0 0 0 O
གཏོང་ 0 0 0 0 0 0 O
བ 0 0 0 0 0 0 O
འི་ 0 0 0 0 0 0 O
འགོ་ 0 0 0 0 0 0 O
ཁྲིད་ 0 0 0 0 0 0 O
ཚོགས་ 0 0 0 0 0 0 O
ཆུང་ 0 0 0 0 0 0 O
འཛུགས་ 0 0 0 0 0 0 O
རྒྱུ 0 0 0 0 0 0 O
འི་ 0 0 0 0 0 0 O
གཏན་ 0 0 0 0 0 0 O
འབེབས་ 0 0 0 0 0 0 O
བྱས་ 0 0 0 0 0 0 O
པ་ 0 0 1 0 0 0 O
དང་ 0 0 0 0 0 0 O
། 0 0 0 0 0 0 O

ཀྲུང་ 0 1 1 0 0 0 B-ORG
དབྱང་ 0 0 0 0 0 0 I-ORG
སྒྲིག་ 0 0 0 0 0 0 O
བཤེར་ 0 0 0 0 0 0 O
ཨུ་ 0 0 0 0 0 0 B-ORG
ལྷན་ 0 0 0 0 0 0 I-ORG
གྱི་ 0 0 0 0 0 0 O
2013 0 0 0 0 0 0 O
ལོ 0 0 0 0 0 0 O
འི་ 0 0 0 0 0 0 O
ལས་ 0 0 0 0 0 0 O
དོན་ 0 0 0 0 0 0 O
སྙན་ 0 0 0 0 0 0 O
སེང་ 0 0 0 0 0 0 O
གསན་ 0 0 0 0 0 0 O
པ། 0 0 0 0 0 0 O

